73 60 
002000000010000002000002001001020002010001021010000002010021 
001000000000201002000000002000002012008700020017000000000070 
200000000020000000200000000200000000090009000000000002000010 
000000290000000000000000000000000000000000010000080010720000 
000000000000000000010000000002000010100000000000000001082010 
010010010000000008000020902000000000008000000100000000200280 
000100009020201000002000002000000000000000000000090120000000 
000000001001000090000000007010920002000000000082022000000000 
000110000180019000010002010000100000000021000000000002100001 
200000010000220000090007021009100010000270000000000220100001 
000000800200100200100010000001000020200000000800110000000000 
020010000000000007000000000000000000020000200000000020200000 
000010000200001100000000000001000000000002000020000200000800 
021000000000020000020200002000080022000000000080100210900920 
000070000000000000009000008000000000070010000000000000000010 
010000000020000020000002000270000019000200010000002000020000 
000100000020002209000002000001000180000010080000100000000000 
000101100000000200002100002007020000021220107200000000010000 
200020002200000000010000001000091000000000200000000000100000 
020010000100000000020200000000000002910010001000002001000001 
000000000020000000010020000000000000021090000001020000100000 
020002080000900800000000980000000021000000800010009100000000 
002802002000000001209010000700000000000000801000000000000000 
000000007000010001002000020702800000900800000000000000208000 
000000000000007010081000109000100000000000000800011010011000 
100000000010000000201000000000000092000700000001000000020200 
110000002090100000010000000910000000700000000010000000000200 
000000000201000000070000010001000001000200000000202109009000 
000000000900001020002100000190000000002011000000009001002000 
009000020200000010000001000000007000000000001000029000011000 
100000200200102100000020009000000100080000010000000070200020 
200000000000001800002000800010190070020100020002810000000000 
020000700000700210000210011001009100100002000100200200000000 
000000000800000000900010002000000000100010000000000010010000 
002202020072090000000000110000080000001020100020000009901000 
000212100000000000000000010000001000000000000000100207000000 
222207001100000020000800101000010000020080090000200000000000 
200000000000000702000020001107207000010020000000000000000000 
000000002000101100000002280090100220001020000200000201080700 
020200900000000000000002020000000001002100100000020000000000 
000000002000000000201000002000010270020200800002000200000001 
000000010002000000200002100000000200000000000000000087200200 
100000001000002000002000000000000002801000022200100000002000 
000000801900000900000200000000000901000000000002000000000020 
002000122000000000000120000000020000000000212000012120070000 
000020000002200710120020001000000100000000090100000002000001 
010001000000002010000100012000002000100070200002000000020000 
007000910000080000002000000000000010000000711000000002201000 
000000000080100009080000000001802020020002010000000000000800 
227080022020900010200000000000000002000000101020020000000002 
000008010020010000000000000202000001002001000000120000000002 
000200200000000001900000000001010201000000002001000020000000 
170000000001000020000100000000009021000000000000080200210000 
000001000020020000000021000000000080000000000000000020000000 
001000000110000000000020000207000000007000901000000010000000 
000000020000001010000000200000111000100200000080000010000000 
000001000000000000002000000200000000100000000011100001010070 
000002002000002000000907000000200000000000021022010108000090 
900080020000000000000100087170908000000000000070809000200000 
900000002000000200010000010080000000000000001000710100000000 
007000000200000002000001001012000010090000000020000000000202 
000000000000010200000000000002000000000000000000000000000009 
000000008000000089000002010178000001000000000000000090002100 
000000000000100000000000010000210020010000202000000000000000 
012000200000120000000010000001870000000010000000002000000900 
000000080000007092000000009100000020080000010097000000000000 
000090000001000800101021020202000000100001770002000100000002 
010080200210200000000010010000000120000770900000000000010100 
011000000000202110070012000000000020002000002000000002000720 
009800027000900090910000001200020110102001002000000000008010 
000000000020000010000000020100000021021000110000200090082000 
000000010071007010000700100120000000000082200100001007000001 
027000010000000010002000000100000000000000180000000100001000 